Count: 0
4.5 6.0 26.0 80.0 0.495 
HC: 4 SC: 130
Count: 1
5.75 4.0 19.0 45.0 0.7375 
HC: 3 SC: 146
Count: 2
3.25 8.0 33.0 115.0 0.2525 
HC: 1 SC: 134
Count: 3
3.875 5.0 29.5 132.5 0.37375 
HC: 2 SC: 76
Count: 4
6.375 9.0 15.5 62.5 0.85875 
HC: 3 SC: 178
Count: 5
5.125 3.0 36.5 97.5 0.61625 
HC: 6 SC: 142
Count: 6
2.625 7.0 22.5 27.5 0.13125 
HC: 1 SC: 137
Count: 7
2.9375 4.5 38.25 71.25 0.555625 
HC: 5 SC: 302
Count: 8
5.4375 8.5 24.25 141.25 0.070625 
HC: 0 SC: 81
Count: 9
6.6875 2.5 31.25 36.25 0.313125 
HC: 5 SC: 237
Count: 10
4.1875 6.5 17.25 106.25 0.798125 
HC: 2 SC: 104
Count: 11
3.5625 3.5 20.75 88.75 0.9193749999999999 
HC: 8 SC: 205
Count: 12
6.0625 7.5 34.75 18.75 0.434375 
HC: 31 SC: 499
Count: 13
4.8125 5.5 13.75 123.75 0.19187500000000002 
HC: 2 SC: 125
Count: 14
2.3125 9.5 27.75 53.75 0.676875 
HC: 8 SC: 314
Count: 15
2.46875 5.75 25.125 101.875 0.2828125 
HC: 2 SC: 199
Count: 16
4.96875 9.75 39.125 31.875 0.7678125 
HC: 10 SC: 164
Count: 17
6.21875 3.75 18.125 136.875 0.5253125 
HC: 1 SC: 71
Count: 18
3.71875 7.75 32.125 66.875 0.0403125 
HC: 8 SC: 187
Count: 19
4.34375 2.75 35.625 49.375 0.1615625 
HC: 5 SC: 154
Count: 20
6.84375 6.75 21.625 119.375 0.6465625 
HC: 10 SC: 113
Count: 21
5.59375 4.75 28.625 14.375 0.8890625 
HC: 11 SC: 417
Count: 22
3.09375 8.75 14.625 84.375 0.4040625 
HC: 1 SC: 121
Count: 23
2.78125 3.25 26.875 128.125 0.8284374999999999 
HC: 2 SC: 148
Count: 24
5.28125 7.25 12.875 58.125 0.3434375 
HC: 3 SC: 146
Count: 25
6.53125 5.25 33.875 93.125 0.1009375 
HC: 2 SC: 137
Count: 26
4.03125 9.25 19.875 23.125 0.5859375 
HC: 4 SC: 157
Count: 27
3.40625 4.25 16.375 40.625 0.7071875 
HC: 2 SC: 154
Count: 28
5.90625 8.25 30.375 110.625 0.2221875 
HC: 3 SC: 111
Count: 29
4.65625 2.25 23.375 75.625 0.4646875 
HC: 1 SC: 130
Count: 30
2.15625 6.25 37.375 145.625 0.9496875 
HC: 10 SC: 138
Count: 31
2.234375 4.125 31.6875 86.5625 0.14640625000000002 
HC: 3 SC: 142
Count: 32
4.734375 8.125 17.6875 16.5625 0.63140625 
HC: 31 SC: 560
Count: 33
5.984375 2.125 38.6875 121.5625 0.87390625 
HC: 14 SC: 201
Count: 34
3.484375 6.125 24.6875 51.5625 0.38890625 
HC: 0 SC: 153
Count: 35
4.109375 3.125 14.1875 69.0625 0.26765625 
HC: 1 SC: 98
Count: 36
6.609375 7.125 28.1875 139.0625 0.75265625 
HC: 4 SC: 95
Count: 37
5.359375 5.125 21.1875 34.0625 0.51015625 
HC: 3 SC: 180
Count: 38
2.859375 9.125 35.1875 104.0625 0.025156249999999998 
HC: 0 SC: 156
Count: 39
3.171875 2.625 19.4375 147.8125 0.69203125 
HC: 3 SC: 106
Count: 40
5.671875 6.625 33.4375 77.8125 0.20703125 
HC: 3 SC: 98
Count: 41
6.921875 4.625 12.4375 112.8125 0.44953125 
HC: 0 SC: 81
Count: 42
4.421875 8.625 26.4375 42.8125 0.93453125 
HC: 1 SC: 169
Count: 43
3.796875 5.625 36.9375 25.3125 0.81328125 
HC: 26 SC: 562
Count: 44
6.296875 9.625 22.9375 95.3125 0.32828125 
HC: 2 SC: 82
Count: 45
5.046875 3.625 29.9375 60.3125 0.08578124999999999 
HC: 4 SC: 119
Count: 46
2.546875 7.625 15.9375 130.3125 0.57078125 
HC: 7 SC: 143
Count: 47
2.390625 3.875 34.3125 29.6875 0.41921875 
HC: 5 SC: 398
Count: 48
4.890625 7.875 20.3125 99.6875 0.90421875 
HC: 8 SC: 284
Count: 49
6.140625 5.875 27.3125 64.6875 0.66171875 
HC: 1 SC: 102
Count: 50
3.640625 9.875 13.3125 134.6875 0.17671875 
HC: 0 SC: 74
Count: 51
4.265625 4.875 23.8125 117.1875 0.055468750000000004 
HC: 6 SC: 95
Count: 52
6.765625 8.875 37.8125 47.1875 0.5404687499999999 
HC: 9 SC: 129
Count: 53
5.515625 2.875 16.8125 82.1875 0.78296875 
HC: 6 SC: 128
Count: 54
3.015625 6.875 30.8125 12.1875 0.29796875 
HC: 15 SC: 458
Count: 55
2.703125 5.375 18.5625 55.9375 0.96484375 
HC: 13 SC: 371
Count: 56
5.203125 9.375 32.5625 125.9375 0.47984375 
HC: 3 SC: 111
Count: 57
6.453125 3.375 25.5625 20.9375 0.23734375 
HC: 4 SC: 219
Count: 58
3.953125 7.375 39.5625 90.9375 0.72234375 
HC: 2 SC: 122
Count: 59
3.328125 2.375 29.0625 108.4375 0.60109375 
HC: 2 SC: 106
Count: 60
5.828125 6.375 15.0625 38.4375 0.11609375 
HC: 3 SC: 195
Count: 61
4.578125 4.375 36.0625 143.4375 0.35859375 
HC: 3 SC: 127
Count: 62
2.078125 8.375 22.0625 73.4375 0.84359375 
HC: 8 SC: 275
Count: 63
2.1171875 5.1875 34.96875 127.03125 0.6389843749999999 
HC: 0 SC: 114
Count: 64
4.6171875 9.1875 20.96875 57.03125 0.153984375 
HC: 18 SC: 409
Count: 65
5.8671875 3.1875 27.96875 92.03125 0.396484375 
HC: 4 SC: 129
Count: 66
3.3671875 7.1875 13.96875 22.03125 0.881484375 
HC: 4 SC: 423
Count: 67
3.9921875 2.1875 24.46875 39.53125 0.760234375 
HC: 1 SC: 121
Count: 68
6.4921875 6.1875 38.46875 109.53125 0.275234375 
HC: 14 SC: 157
Count: 69
5.2421875 4.1875 17.46875 74.53125 0.032734375 
HC: 6 SC: 140
Count: 70
2.7421875 8.1875 31.46875 144.53125 0.517734375 
HC: 0 SC: 169
Count: 71
3.0546875 3.6875 15.71875 100.78125 0.214609375 
HC: 5 SC: 154
Count: 72
5.5546875 7.6875 29.71875 30.78125 0.699609375 
HC: 8 SC: 143
Count: 73
6.8046875 5.6875 22.71875 135.78125 0.942109375 
HC: 8 SC: 199
Count: 74
4.3046875 9.6875 36.71875 65.78125 0.457109375 
HC: 3 SC: 140
Count: 75
3.6796875 4.6875 26.21875 48.28125 0.335859375 
HC: 3 SC: 194
Count: 76
6.1796875 8.6875 12.21875 118.28125 0.820859375 
HC: 3 SC: 93
Count: 77
4.9296875 2.6875 33.21875 13.28125 0.578359375 
HC: 19 SC: 376
Count: 78
2.4296875 6.6875 19.21875 83.28125 0.093359375 
HC: 2 SC: 147
Count: 79
2.5859375 2.9375 30.59375 78.90625 0.911796875 
HC: 5 SC: 199
Count: 80
5.0859375 6.9375 16.59375 148.90625 0.426796875 
HC: 3 SC: 104
Count: 81
6.3359375 4.9375 37.59375 43.90625 0.184296875 
HC: 8 SC: 152
Count: 82
3.8359375 8.9375 23.59375 113.90625 0.669296875 
HC: 7 SC: 220
Count: 83
4.4609375 5.9375 13.09375 96.40625 0.548046875 
HC: 10 SC: 217
Count: 84
6.9609375 9.9375 27.09375 26.40625 0.063046875 
HC: 9 SC: 163
Count: 85
5.7109375 3.9375 20.09375 131.40625 0.305546875 
HC: 2 SC: 108
Count: 86
3.2109375 7.9375 34.09375 61.40625 0.790546875 
HC: 1 SC: 226
Count: 87
2.8984375 4.4375 21.84375 17.65625 0.487421875 
HC: 3 SC: 263
Count: 88
5.3984375 8.4375 35.84375 87.65625 0.972421875 
HC: 15 SC: 299
Count: 89
6.6484375 2.4375 14.84375 52.65625 0.7299218749999999 
HC: 9 SC: 164
Count: 90
4.1484375 6.4375 28.84375 122.65625 0.244921875 
HC: 6 SC: 134
Count: 91
3.5234375 3.4375 39.34375 140.15625 0.12367187499999999 
HC: 0 SC: 86
Count: 92
6.0234375 7.4375 25.34375 70.15625 0.608671875 
HC: 3 SC: 117
Count: 93
4.7734375 5.4375 32.34375 105.15625 0.851171875 
HC: 4 SC: 191
Count: 94
2.2734375 9.4375 18.34375 35.15625 0.366171875 
HC: 5 SC: 306
Count: 95
2.1953125 3.0625 23.15625 59.21875 0.502578125 
HC: 7 SC: 277
Count: 96
4.6953125 7.0625 37.15625 129.21875 0.017578125 
HC: 5 SC: 197
Count: 97
5.9453125 5.0625 16.15625 24.21875 0.260078125 
HC: 0 SC: 197
Count: 98
3.4453125 9.0625 30.15625 94.21875 0.745078125 
HC: 6 SC: 118
Count: 99
4.0703125 4.0625 33.65625 111.71875 0.866328125 
HC: 0 SC: 93
Count: 100
6.5703125 8.0625 19.65625 41.71875 0.381328125 
HC: 2 SC: 136
Count: 101
5.3203125 2.0625 26.65625 146.71875 0.138828125 
HC: 0 SC: 60
Count: 102
2.8203125 6.0625 12.65625 76.71875 0.623828125 
HC: 2 SC: 140
Count: 103
3.1328125 5.5625 28.40625 32.96875 0.078203125 
HC: 2 SC: 214
Count: 104
5.6328125 9.5625 14.40625 102.96875 0.563203125 
HC: 3 SC: 88
Count: 105
6.8828125 3.5625 35.40625 67.96875 0.805703125 
HC: 0 SC: 168
Count: 106
4.3828125 7.5625 21.40625 137.96875 0.320703125 
HC: 2 SC: 110
Count: 107
3.7578125 2.5625 17.90625 120.46875 0.441953125 
HC: 2 SC: 135
Count: 108
6.2578125 6.5625 31.90625 50.46875 0.9269531249999999 
HC: 31 SC: 524
Count: 109
5.0078125 4.5625 24.90625 85.46875 0.684453125 
HC: 9 SC: 156
Count: 110
2.5078125 8.5625 38.90625 15.46875 0.199453125 
HC: 13 SC: 336
Count: 111
2.3515625 4.8125 15.28125 142.34375 0.775390625 
HC: 3 SC: 133
Count: 112
4.8515625 8.8125 29.28125 72.34375 0.290390625 
HC: 0 SC: 100
Count: 113
6.1015625 2.8125 22.28125 107.34375 0.047890625 
HC: 5 SC: 102
Count: 114
3.6015625 6.8125 36.28125 37.34375 0.532890625 
HC: 10 SC: 430
Count: 115
4.2265625 3.8125 32.78125 19.84375 0.654140625 
HC: 29 SC: 559
Count: 116
6.7265625 7.8125 18.78125 89.84375 0.16914062500000002 
HC: 6 SC: 115
Count: 117
5.4765625 5.8125 39.78125 54.84375 0.411640625 
HC: 10 SC: 143
Count: 118
2.9765625 9.8125 25.78125 124.84375 0.896640625 
HC: 5 SC: 157
Count: 119
2.6640625 2.3125 38.03125 81.09375 0.351015625 
HC: 0 SC: 157
Count: 120
5.1640625 6.3125 24.03125 11.09375 0.836015625 
HC: 9 SC: 325
Count: 121
6.4140625 4.3125 31.03125 116.09375 0.593515625 
HC: 7 SC: 143
Count: 122
3.9140625 8.3125 17.03125 46.09375 0.10851562499999999 
HC: 2 SC: 152
Count: 123
3.2890625 5.3125 20.53125 63.59375 0.229765625 
HC: 5 SC: 106
Count: 124
5.7890625 9.3125 34.53125 133.59375 0.714765625 
HC: 7 SC: 102
Count: 125
4.5390625 3.3125 13.53125 28.59375 0.957265625 
HC: 31 SC: 558
Count: 126
2.0390625 7.3125 27.53125 98.59375 0.472265625 
HC: 5 SC: 166
Count: 127
2.05859375 4.65625 20.203125 36.796875 0.8852734375 
HC: 16 SC: 352
Count: 128
4.55859375 8.65625 34.203125 106.796875 0.4002734375 
HC: 0 SC: 116
Count: 129
5.80859375 2.65625 13.203125 71.796875 0.1577734375 
HC: 3 SC: 120
Count: 130
3.30859375 6.65625 27.203125 141.796875 0.6427734375 
HC: 2 SC: 87
Count: 131
3.93359375 3.65625 37.703125 124.296875 0.5215234375 
HC: 1 SC: 154
Count: 132
6.43359375 7.65625 23.703125 54.296875 0.0365234375 
HC: 2 SC: 139
Count: 133
5.18359375 5.65625 30.703125 89.296875 0.2790234375 
HC: 6 SC: 170
Count: 134
2.68359375 9.65625 16.703125 19.296875 0.7640234375 
HC: 31 SC: 560
Count: 135
2.99609375 2.15625 32.453125 45.546875 0.4608984375 
HC: 1 SC: 215
Count: 136
5.49609375 6.15625 18.453125 115.546875 0.9458984375 
HC: 3 SC: 147
Count: 137
6.74609375 4.15625 39.453125 10.546875 0.7033984375 
HC: 15 SC: 375
Count: 138
4.24609375 8.15625 25.453125 80.546875 0.21839843750000001 
HC: 4 SC: 153
Count: 139
3.62109375 5.15625 14.953125 98.046875 0.09714843749999999 
HC: 1 SC: 121
Count: 140
6.12109375 9.15625 28.953125 28.046875 0.5821484375 
HC: 12 SC: 243
Count: 141
4.87109375 3.15625 21.953125 133.046875 0.8246484374999999 
HC: 2 SC: 173
Count: 142
2.37109375 7.15625 35.953125 63.046875 0.3396484375 
HC: 4 SC: 166
Count: 143
2.52734375 3.40625 17.578125 93.671875 0.6730859375 
HC: 2 SC: 199
Count: 144
5.02734375 7.40625 31.578125 23.671875 0.1880859375 
HC: 7 SC: 272
Count: 145
6.27734375 5.40625 24.578125 128.671875 0.4305859375 
HC: 3 SC: 144
Count: 146
3.77734375 9.40625 38.578125 58.671875 0.9155859375 
HC: 24 SC: 586
Count: 147
4.40234375 4.40625 28.078125 76.171875 0.7943359375 
HC: 10 SC: 177
Count: 148
6.90234375 8.40625 14.078125 146.171875 0.3093359375 
HC: 4 SC: 136
Count: 149
5.65234375 2.40625 35.078125 41.171875 0.0668359375 
HC: 5 SC: 186
Count: 150
3.15234375 6.40625 21.078125 111.171875 0.5518359375 
HC: 4 SC: 179
Count: 151
2.83984375 5.90625 33.328125 137.421875 0.2487109375 
HC: 0 SC: 154
Count: 152
5.33984375 9.90625 19.328125 67.421875 0.7337109374999999 
HC: 5 SC: 152
Count: 153
6.58984375 3.90625 26.328125 102.421875 0.9762109375 
HC: 7 SC: 174
Count: 154
4.08984375 7.90625 12.328125 32.421875 0.4912109375 
HC: 6 SC: 215
Count: 155
3.46484375 2.90625 22.828125 14.921875 0.3699609375 
HC: 6 SC: 423
Count: 156
5.96484375 6.90625 36.828125 84.921875 0.8549609375 
HC: 8 SC: 151
Count: 157
4.71484375 4.90625 15.828125 49.921875 0.6124609375 
HC: 2 SC: 187
Count: 158
2.21484375 8.90625 29.828125 119.921875 0.1274609375 
HC: 0 SC: 95
Count: 159
2.29296875 2.53125 39.890625 113.359375 0.7488671875 
HC: 6 SC: 160
Count: 160
4.79296875 6.53125 25.890625 43.359375 0.2638671875 
HC: 0 SC: 118
Count: 161
6.04296875 4.53125 32.890625 148.359375 0.021367187500000002 
HC: 0 SC: 94
Count: 162
3.54296875 8.53125 18.890625 78.359375 0.5063671875 
HC: 6 SC: 114
Count: 163
4.16796875 5.53125 22.390625 60.859375 0.6276171875 
HC: 8 SC: 250
Count: 164
6.66796875 9.53125 36.390625 130.859375 0.1426171875 
HC: 0 SC: 71
Count: 165
5.41796875 3.53125 15.390625 25.859375 0.3851171875 
HC: 9 SC: 170
Count: 166
2.91796875 7.53125 29.390625 95.859375 0.8701171875 
HC: 10 SC: 362
Count: 167
3.23046875 4.03125 13.640625 122.109375 0.3244921875 
HC: 2 SC: 160
Count: 168
5.73046875 8.03125 27.640625 52.109375 0.8094921875 
HC: 7 SC: 169
Count: 169
6.98046875 2.03125 20.640625 87.109375 0.5669921875 
HC: 12 SC: 133
Count: 170
4.48046875 6.03125 34.640625 17.109375 0.0819921875 
HC: 31 SC: 542
Count: 171
3.85546875 3.03125 31.140625 34.609375 0.2032421875 
HC: 3 SC: 141
Count: 172
6.35546875 7.03125 17.140625 104.609375 0.6882421875 
HC: 4 SC: 149
Count: 173
5.10546875 5.03125 38.140625 69.609375 0.9307421874999999 
HC: 6 SC: 172
Count: 174
2.60546875 9.03125 24.140625 139.609375 0.4457421875 
HC: 5 SC: 189
Count: 175
2.44921875 5.28125 26.765625 21.484375 0.5366796875 
HC: 9 SC: 311
Count: 176
4.94921875 9.28125 12.765625 91.484375 0.0516796875 
HC: 5 SC: 115
Count: 177
6.19921875 3.28125 33.765625 56.484375 0.2941796875 
HC: 7 SC: 146
Count: 178
3.69921875 7.28125 19.765625 126.484375 0.7791796875 
HC: 5 SC: 224
Count: 179
4.32421875 2.28125 16.265625 143.984375 0.9004296875 
HC: 11 SC: 175
Count: 180
6.82421875 6.28125 30.265625 73.984375 0.4154296875 
HC: 5 SC: 139
Count: 181
5.57421875 4.28125 23.265625 108.984375 0.1729296875 
HC: 5 SC: 124
Count: 182
3.07421875 8.28125 37.265625 38.984375 0.6579296875 
HC: 6 SC: 277
Count: 183
2.76171875 3.78125 25.015625 65.234375 0.11230468749999999 
HC: 2 SC: 154
Count: 184
5.26171875 7.78125 39.015625 135.234375 0.5973046875 
HC: 0 SC: 75
Count: 185
6.51171875 5.78125 18.015625 30.234375 0.8398046875 
HC: 13 SC: 140
Count: 186
4.01171875 9.78125 32.015625 100.234375 0.3548046875 
HC: 1 SC: 93
Count: 187
3.38671875 4.78125 35.515625 82.734375 0.4760546875 
HC: 4 SC: 121
Count: 188
5.88671875 8.78125 21.515625 12.734375 0.9610546875 
HC: 9 SC: 302
Count: 189
4.63671875 2.78125 28.515625 117.734375 0.7185546875 
HC: 8 SC: 136
Count: 190
2.13671875 6.78125 14.515625 47.734375 0.2335546875 
HC: 4 SC: 197
Count: 191
2.09765625 3.59375 28.734375 136.328125 0.2562890625 
HC: 0 SC: 140
Count: 192
4.59765625 7.59375 14.734375 66.328125 0.7412890625 
HC: 5 SC: 139
Count: 193
5.84765625 5.59375 35.734375 101.328125 0.4987890625 
HC: 8 SC: 139
Count: 194
3.34765625 9.59375 21.734375 31.328125 0.013789062500000001 
HC: 4 SC: 132
Count: 195
3.97265625 4.59375 18.234375 13.828125 0.1350390625 
HC: 3 SC: 255
Count: 196
6.47265625 8.59375 32.234375 83.828125 0.6200390625 
HC: 11 SC: 267
Count: 197
5.22265625 2.59375 25.234375 48.828125 0.8625390625 
HC: 12 SC: 302
Count: 198
2.72265625 6.59375 39.234375 118.828125 0.3775390625 
HC: 1 SC: 129
Count: 199
3.03515625 5.09375 23.484375 92.578125 0.8019140625 
HC: 1 SC: 150
Count: 200
5.53515625 9.09375 37.484375 22.578125 0.3169140625 
HC: 6 SC: 304
Count: 201
6.78515625 3.09375 16.484375 127.578125 0.07441406249999999 
HC: 0 SC: 95
Count: 202
4.28515625 7.09375 30.484375 57.578125 0.5594140625 
HC: 0 SC: 136
Count: 203
3.66015625 2.09375 33.984375 75.078125 0.6806640625 
HC: 17 SC: 295
Count: 204
6.16015625 6.09375 19.984375 145.078125 0.1956640625 
HC: 1 SC: 74
Count: 205
4.91015625 4.09375 26.984375 40.078125 0.4381640625 
HC: 3 SC: 278
Count: 206
2.41015625 8.09375 12.984375 110.078125 0.9231640624999999 
HC: 9 SC: 270
Count: 207
2.56640625 4.34375 36.609375 53.203125 0.044101562500000004 
HC: 5 SC: 169
Count: 208
5.06640625 8.34375 22.609375 123.203125 0.5291015625 
HC: 3 SC: 94
Count: 209
6.31640625 2.34375 29.609375 18.203125 0.7716015625 
HC: 7 SC: 255
Count: 210
3.81640625 6.34375 15.609375 88.203125 0.2866015625 
HC: 3 SC: 100
Count: 211
4.44140625 3.34375 19.109375 105.703125 0.4078515625 
HC: 4 SC: 115
Count: 212
6.94140625 7.34375 33.109375 35.703125 0.8928515625 
HC: 2 SC: 166
Count: 213
5.69140625 5.34375 12.109375 140.703125 0.6503515625 
HC: 5 SC: 99
Count: 214
3.19140625 9.34375 26.109375 70.703125 0.1653515625 
HC: 1 SC: 135
Count: 215
2.87890625 2.84375 13.859375 44.453125 0.5897265625 
HC: 9 SC: 198
Count: 216
5.37890625 6.84375 27.859375 114.453125 0.1047265625 
HC: 0 SC: 115
Count: 217
6.62890625 4.84375 20.859375 79.453125 0.3472265625 
HC: 0 SC: 77
Count: 218
4.12890625 8.84375 34.859375 149.453125 0.8322265624999999 
HC: 10 SC: 178
Count: 219
3.50390625 5.84375 31.359375 131.953125 0.9534765625 
HC: 5 SC: 161
Count: 220
6.00390625 9.84375 17.359375 61.953125 0.46847656249999997 
HC: 1 SC: 123
Count: 221
4.75390625 3.84375 38.359375 96.953125 0.2259765625 
HC: 8 SC: 146
Count: 222
2.25390625 7.84375 24.359375 26.953125 0.7109765625 
HC: 1 SC: 218
Count: 223
2.17578125 5.71875 16.921875 68.515625 0.3926953125 
HC: 0 SC: 126
Count: 224
4.67578125 9.71875 30.921875 138.515625 0.8776953125 
HC: 4 SC: 115
Count: 225
5.92578125 3.71875 23.921875 33.515625 0.6351953124999999 
HC: 1 SC: 127
Count: 226
3.42578125 7.71875 37.921875 103.515625 0.1501953125 
HC: 0 SC: 94
Count: 227
4.05078125 2.71875 27.421875 86.015625 0.0289453125 
HC: 0 SC: 120
Count: 228
6.55078125 6.71875 13.421875 16.015625 0.5139453125 
HC: 0 SC: 211
Count: 229
5.30078125 4.71875 34.421875 121.015625 0.7564453125 
HC: 0 SC: 65
Count: 230
2.80078125 8.71875 20.421875 51.015625 0.2714453125 
HC: 2 SC: 234
Count: 231
3.11328125 3.21875 36.171875 24.765625 0.9383203125 
HC: 5 SC: 290
Count: 232
5.61328125 7.21875 22.171875 94.765625 0.4533203125 
HC: 4 SC: 145
Count: 233
6.86328125 5.21875 29.171875 59.765625 0.2108203125 
HC: 6 SC: 135
Count: 234
4.36328125 9.21875 15.171875 129.765625 0.6958203125 
HC: 0 SC: 86
Count: 235
3.73828125 4.21875 25.671875 147.265625 0.5745703125 
HC: 0 SC: 93
Count: 236
6.23828125 8.21875 39.671875 77.265625 0.0895703125 
HC: 2 SC: 143
Count: 237
4.98828125 2.21875 18.671875 112.265625 0.3320703125 
HC: 8 SC: 134
Count: 238
2.48828125 6.21875 32.671875 42.265625 0.8170703125 
HC: 10 SC: 248
Count: 239
2.33203125 2.46875 21.296875 116.640625 0.1805078125 
HC: 3 SC: 136
Count: 240
4.83203125 6.46875 35.296875 46.640625 0.6655078125 
HC: 3 SC: 129
Count: 241
6.08203125 4.46875 14.296875 81.640625 0.9080078125 
HC: 0 SC: 125
Count: 242
3.58203125 8.46875 28.296875 11.640625 0.4230078125 
HC: 16 SC: 398
Count: 243
4.20703125 5.46875 38.796875 29.140625 0.3017578125 
HC: 16 SC: 313
Count: 244
6.70703125 9.46875 24.796875 99.140625 0.7867578125 
HC: 7 SC: 116
Count: 245
5.45703125 3.46875 31.796875 64.140625 0.5442578125 
HC: 5 SC: 144
Count: 246
2.95703125 7.46875 17.796875 134.140625 0.0592578125 
HC: 0 SC: 107
